btag                                            -0.33  0.18        -0.09  0.31      +0.8031
hdampST_tch                                     +0.47  0.18        +0.46  0.19      -0.0577
hdampTT                                         -0.35  0.08        -0.35  0.08      -0.0125
jes                                             -0.23  0.04        -0.23  0.04      +0.1098
lepMu                                           +0.11  0.91        +0.16  0.93      +0.0617
lumi                                            +0.14  0.72        +0.19  0.78      +0.1137
mistag                                          +1.55  0.76        +1.02  0.96      -0.6373
pdf_total                                       +2.25  0.60        +2.27  0.61      +0.0656
psq2ST_tch                                      -0.14  0.13        -0.13  0.13      +0.0436
psq2TT                                          -0.55  0.08        -0.54  0.08      +0.0203
pu                                              -3.27  0.75        -3.11  0.77      +0.2399
q2ST_tch                                        +0.16  0.61        +0.11  0.64      -0.1050
q2ST_tch_sd                                     -1.02  0.24        -0.81  0.21      +0.7175
q2TT                                            -0.27  0.19        -0.17  0.24      +0.4852
q2VV                                            -0.93  0.97        -0.92  0.97      +0.0020
q2WJets                                         +1.31  0.18        +1.32  0.19      +0.0103
