btag                                            -0.41  0.19        -0.23  0.15      -0.1486
hdampST_tch                                     +0.50  0.16        +0.41  0.12      +0.1007
hdampTT                                         -0.33  0.08        -0.33  0.09      +0.0617
jer                                             +0.02  0.12        -0.03  0.16      +0.1283
jes                                             -0.28  0.05        -0.31  0.07      +0.2487
lepMu                                           -0.10  0.90        +0.54  0.24      -0.0998
lumi                                            -0.00  0.67        +1.16  0.13      -0.0873
mistag                                          +1.85  0.79        +1.02  0.52      +0.0450
pdf_total                                       +2.04  0.55        +0.78  0.65      -0.2787
psq2ST_tch                                      -0.39  0.10        -0.54  0.08      +0.2647
psq2TT                                          -0.55  0.07        -0.50  0.06      -0.2052
pu                                              -4.64  0.84        -4.37  1.10      +0.1808
q2DYJets                                        +0.05  0.38        +0.26  0.37      -0.0542
q2ST_tch                                        +0.47  0.53        +0.37  0.43      +0.1077
q2TT                                            -0.48  0.15        -1.83  0.06      +0.3205
q2VV                                            -1.07  0.99        -0.91  0.91      -0.0226
q2WJets                                         +1.04  0.17        +1.24  0.13      -0.0784
