btag                                            -0.17  0.14        +1.82  0.17      +0.2900
hdampST_tch                                     +0.14  0.10        +0.09  0.11      +0.0085
hdampTT                                         -0.15  0.07        -0.15  0.06      +0.1043
jes                                             -0.36  0.04        -0.41  0.03      -0.0772
lepE                                            -0.06  0.66        -0.46  0.31      -0.2458
lepMu                                           -0.15  0.74        +0.54  0.33      -0.1664
lumi                                            +2.44  0.61        +2.46  0.27      +0.1029
mistag                                          +2.06  0.71        -2.57  0.19      -0.3378
pdf_total                                       +0.97  0.50        +0.84  0.25      -0.1895
psq2ST_tch                                      -0.41  0.10        -0.44  0.07      -0.1175
psq2TT                                          -0.16  0.09        -0.27  0.05      -0.2044
pu                                              -4.19  0.65        -2.72  0.81      -0.0541
q2ST_tch                                        +1.15  0.46        +0.66  0.47      +0.0628
q2ST_tch_sd                                     +1.54  0.13        +0.62  0.03      -0.2858
q2TT                                            +0.42  0.13        +1.02  0.03      +0.1500
q2VV                                            -0.37  0.87        -0.49  0.95      +0.0015
q2WJets                                         +1.51  0.15        +1.28  0.11      -0.0964
