btag                                            -0.51  0.15        -0.52  0.14      -0.0519
hdampST_tch                                     +0.14  0.09        +0.15  0.10      +0.1908
hdampTT                                         -0.11  0.07        -0.11  0.06      +0.0867
jer                                             -0.04  0.08        -0.04  0.08      -0.0489
jes                                             -0.33  0.04        -0.34  0.03      +0.0273
lepE                                            -0.07  0.65        -0.09  0.28      -0.1508
lepMu                                           -0.04  0.73        -0.08  0.27      -0.1333
lumi                                            +2.66  0.53        +2.48  0.31      +0.0388
mistag                                          +3.50  0.73        +3.64  1.09      -0.0042
pdf_total                                       +1.80  0.48        +1.73  0.24      -0.2651
psq2ST_tch                                      -0.44  0.08        -0.48  0.07      -0.5906
psq2TT                                          -0.26  0.07        -0.25  0.05      -0.0780
pu                                              -4.39  0.65        -4.46  0.71      -0.0055
q2DYJets                                        +1.66  0.37        +1.65  0.39      +0.0311
q2ST_tch                                        +0.82  0.45        +0.86  0.44      +0.2025
q2TT                                            +0.45  0.10        +0.39  0.04      -0.2269
q2VV                                            -0.38  0.87        -0.40  0.95      +0.0096
q2WJets                                         +1.65  0.14        +1.61  0.23      -0.0772
