btag                                            -0.09  0.16        -0.09  0.13      +0.2668
hdampST_tch                                     +0.12  0.10        +0.12  0.10      -0.0383
hdampTT                                         -0.05  0.05        -0.05  0.07      +0.2626
jes                                             -0.55  0.04        -0.55  0.03      +0.0801
lepE                                            -1.81  0.82        -1.82  0.35      +0.1238
lepMu                                           -0.87  0.50        -0.87  0.18      +0.0930
lumi                                            -4.71  0.55        -4.71  0.09      +0.1788
mistag                                          -2.30  0.94        -2.30  0.52      +0.0987
pdf_total                                       +1.97  0.58        +1.97  0.29      -0.6085
psq2ST_tch                                      -0.43  0.09        -0.43  0.09      +0.1453
psq2TT                                          -0.05  0.06        -0.05  0.09      -0.4656
pu                                              -4.28  0.73        -4.28  0.47      -0.3772
q2ST_tch                                        -0.15  0.39        -0.15  0.35      +0.1065
q2TT                                            -1.12  0.17        -1.12  0.07      -0.5234
q2VV                                            -0.26  0.91        -0.26  1.38      -0.4477
q2WJets                                         +1.65  0.16        +1.65  0.22      -0.4839
