btag                                            -0.80  0.23        -0.87  0.17      +0.1866
hdampST_tch                                     +1.84  0.96        +1.88  0.75      +0.0022
hdampTT                                         -1.57  0.82        -1.61  0.28      -0.3705
jer                                             -0.31  0.72        +0.32  0.46      -0.0674
jes                                             -0.49  0.24        -0.53  0.09      -0.1365
lepE                                            +4.10  0.89        +3.78  0.28      -0.0449
lumi                                            -4.47  0.55        -4.67  0.18      +0.2760
mistag                                          -1.57  0.94        -1.44  0.76      -0.0586
pdf_total                                       +0.42  0.86        +0.89  0.48      -0.0890
psq2ST_tch                                      +0.57  0.31        +0.65  0.21      -0.0043
psq2TT                                          -1.20  0.60        -1.39  0.43      +0.2376
pu                                              +1.31  0.80        +0.94  0.71      -0.3622
q2DYJets                                        +2.09  0.82        +2.21  0.80      +0.2112
q2ST_tch                                        +2.89  0.91        +2.89  0.79      +0.1514
q2TT                                            +1.49  0.36        +0.50  0.08      -0.5581
q2VV                                            -0.00  1.00        +0.01  0.94      +0.0007
q2WJets                                         -1.42  0.58        -1.25  0.40      +0.0465
