btag                                            -0.26  0.20        +1.70  0.26      +0.6214
hdampST_tch                                     +0.01  0.12        -0.02  0.12      -0.0262
hdampTT                                         -0.10  0.13        -0.06  0.15      -0.1434
jes                                             -0.56  0.06        -0.56  0.05      +0.0171
lepE                                            +0.85  0.91        +0.64  0.37      -0.4939
lumi                                            +1.57  0.75        +0.69  0.35      -0.4445
mistag                                          +1.54  0.86        -1.22  0.45      -0.4027
pdf_total                                       -0.39  0.70        -0.59  0.43      -0.1697
psq2ST_tch                                      +0.37  0.19        +0.35  0.18      -0.2249
psq2TT                                          -0.10  0.25        -0.15  0.29      -0.4667
pu                                              -2.85  0.88        -2.22  0.94      +0.4716
q2ST_tch                                        +0.98  0.61        +0.59  0.59      -0.1552
q2ST_tch_sd                                     -1.85  0.17        -0.64  0.06      +0.5231
q2TT                                            +0.29  0.19        +0.63  0.12      +0.4771
q2WJets                                         +1.65  0.27        +1.66  0.21      -0.1257
