btag                                            -0.40  0.22        -0.36  0.19      +0.0875
hdampST_tch                                     +0.04  0.12        +0.05  0.14      +0.0906
hdampTT                                         -0.27  0.12        -0.27  0.10      -0.0507
jer                                             -0.07  0.11        -0.07  0.11      -0.0356
jes                                             -0.59  0.05        -0.60  0.06      -0.0770
lepE                                            +0.25  0.91        -0.22  0.67      +0.1037
lumi                                            +0.51  0.70        -0.35  0.29      +0.0150
mistag                                          -1.02  0.98        -0.99  0.89      -0.0798
pdf_total                                       -0.27  0.58        -0.54  0.46      -0.3446
psq2ST_tch                                      +0.64  0.16        +0.58  0.15      -0.5781
psq2TT                                          -0.09  0.14        -0.09  0.13      -0.1191
pu                                              -2.58  0.86        -2.71  0.99      -0.1357
q2DYJets                                        +2.47  0.46        +2.39  0.44      -0.1469
q2ST_tch                                        -0.26  0.62        -0.24  0.65      -0.0341
q2TT                                            -1.17  0.27        -1.17  0.05      -0.0539
q2VV                                            +0.33  0.90        +0.32  0.88      +0.0484
q2WJets                                         +2.37  0.26        +2.35  0.34      -0.1341
